
#-----------------------A层固定
fix			8 A setforce 0.0 0.0 0.0

#-----------------------BE层恒温300K
fix			9 B_E nve
fix 			10 B_E langevin 300.0 300.0 100.0 699483

#-----------------------C层nve
fix			11 C nve
unfix			7

#-----------------------F层施加力
fix			12 F rigid/nve single force 1 off off on
1 rigid bodies with 3600 atoms
fix			13 F addforce 0.0 0.0 -${f_to_addforce}
fix			13 F addforce 0.0 0.0 -0.235735376680212

#-----------------------D层滑动
fix			14 D move linear NULL ${input_velocity_y} NULL
fix			14 D move linear NULL 0.0005 NULL
#fix			14 D move wiggle NULL ${Ay} NULL ${period}
timestep		1.0
run			3000000
Per MPI rank memory allocation (min/avg/max) = 10.82 | 10.87 | 10.88 Mbytes
Step c_T_C c_T_DD TotEng E_angle E_dihed E_bond E_vdwl 
 2150000    297.14758    301.82931    11870.363     9086.731    14952.596    8872.2229   -40357.035 
 2155000    298.87982    301.00979    9814.7284    9063.5744    14925.172    8897.4424   -40234.106 
 2160000    299.59487    297.80986    10443.213    9062.6286    15181.371    8953.8885     -39921.1 
 2165000    295.44607    298.29237    10803.158    9129.7012    15367.289    8967.5216    -39683.43 
 2170000    302.38242    297.73985     11227.59    9181.5445    15529.563    8948.3417   -39566.418 
 2175000    304.48312    296.55931    11552.386    9183.7627    15583.848    8859.1474   -39344.377 
 2180000    304.47537    301.23687    11722.643    9279.0244    15663.265    8934.0325   -39461.942 
 2185000    310.71919     296.8277    12051.108    9232.7865    15768.672    9004.8829   -39273.084 
 2190000     313.2005    308.19114    12236.527    9384.7064     15700.42    8890.4856   -39291.722 
 2195000    314.37963    305.46855    12418.998    9338.0077    15766.838    9043.9554   -39230.761 
 2200000    316.70165    310.69089     12892.51    9351.9882    15835.162    8997.5207   -39091.858 
 2205000    322.79624    309.54367    12957.076    9358.8187    15833.841    9128.5985    -39216.85 
 2210000    321.72842    309.01591    12910.741    9488.4517    15895.453    9093.6118   -39315.529 
 2215000    326.58381    308.09929    13176.735    9465.8165    15991.367    9066.8157    -39255.75 
 2220000    331.56742    307.49633    13201.895    9486.9846    15915.128    9096.7481   -39254.629 
 2225000    327.45656    312.62518    13194.636    9506.3306     15976.75    9057.5269   -39405.253 
 2230000    329.12203    305.37037    13397.914    9481.0245     15868.49    9216.0365   -39094.297 
 2235000    331.69916    312.64961      13488.4    9489.7489    15872.575      9055.16   -38991.268 
 2240000    330.23843     314.2907    13452.933    9528.8741    15921.702    9141.2074   -39169.014 
 2245000    332.34849    315.48228    13615.028    9528.1917    15947.339    9083.7431   -39066.045 
 2250000    331.79003    317.52876    13855.537    9662.3894    15851.187    9148.9308   -38909.658 
 2255000    336.18475    320.23419    13675.291    9527.5964     15830.46    9142.9087   -39051.633 
 2260000     337.4266    317.63631    13880.188    9533.9517    15772.445    9263.3143   -39027.609 
 2265000    336.07687    316.63657    13753.794    9584.5642    15848.287    9238.4463   -39117.412 
 2270000    336.44915    315.80523    13790.037    9447.5463    15906.213    9289.2652   -39087.221 
 2275000     333.5457    321.99056    13816.722    9539.7568    15904.459    9256.0293   -39151.681 
 2280000    335.01946    326.99391    13718.083    9592.1825    15819.891    9192.0931   -39208.715 
 2285000    339.95584    324.21517    13899.535    9543.0729    15929.195    9239.3535    -39247.86 
 2290000    338.01806    324.24626     13808.76    9555.8151    15930.359     9183.832   -39211.566 
 2295000     337.5341    331.04625    14023.515    9578.1091    15950.684     9316.398   -39232.774 
 2300000    341.53489    323.08273    13941.328    9634.4199    15942.961    9259.2971    -39212.68 
 2305000    338.41137    327.77882    14185.791    9638.6173    15873.924    9321.6793   -39208.288 
 2310000     340.8624    323.82401    13830.656    9487.2959    15875.612    9240.3434   -39197.847 
 2315000     342.2309    327.96645    13932.537    9570.0826    15957.096    9186.7845   -39251.156 
 2320000    335.94497    325.94686    14254.105     9611.434    15960.739    9422.4922   -39165.288 
 2325000    337.59952    328.37046    14024.517    9531.9537    15807.889    9443.4147   -39049.531 
 2330000    336.46625     328.6066    13909.769    9508.1433    15878.627    9299.8024    -39087.24 
 2335000    341.92361    326.52221    13923.766     9653.249    15635.575    9264.8665    -39142.74 
 2340000    339.46079    323.94319    13892.293     9497.461    15751.364    9408.6763   -39149.538 
 2345000    343.31077    322.79164    13931.276    9644.7388    15790.396    9313.1612   -39310.068 
 2350000    337.03252    328.58248    13925.022    9555.2613    15803.706    9231.5737   -39168.405 
 2355000    345.65087    329.15553    14135.979    9605.9307    15794.527    9338.9471   -39183.207 
 2360000    342.53411    330.85772    14233.311    9695.3424     15816.05    9325.1706   -39208.227 
 2365000     345.2472    325.07656    13888.319    9564.1254    15779.969    9300.8841   -39356.636 
 2370000    338.78391    324.79396    13822.575     9656.517    15752.604    9348.5203   -39321.846 
 2375000    341.90449     329.8566    13893.209    9726.0773    15711.905    9260.5538   -39332.084 
 2380000    341.40112    330.38284    13853.426     9634.288    15667.402    9254.0424   -39295.214 
 2385000    343.44698    326.53845    13945.626    9588.8688    15688.777     9252.146    -39215.78 
 2390000    342.41965    324.80199    13984.495    9580.9038    15592.862    9382.4069   -39113.571 
 2395000    341.77241     326.2898    13844.787    9624.4809    15729.833    9290.6067   -39140.986 
 2400000    341.09558    325.48506    13926.814    9575.2377    15635.012    9385.3858   -39160.734 
 2405000    343.73649    326.75121    14028.832    9617.5673    15668.372    9362.5214   -39114.264 
 2410000    346.11235    328.25775    13831.341    9533.9712     15579.12    9231.9258   -39117.406 
 2415000    341.46047    325.64633     13853.53    9623.7641    15602.837    9200.8243   -39131.784 
 2420000    344.39177    323.06978    13818.916    9559.3331    15656.801     9381.359   -39261.591 
 2425000    343.69002    329.82146    13819.383    9538.8131    15705.186    9277.6879   -39244.608 
 2430000     344.7252    327.97438    13716.941     9556.193    15571.466    9204.6284   -39182.618 
 2435000    337.83728    323.06086    13549.144    9657.6717    15565.273     9265.679   -39237.448 
 2440000    342.30689    325.58898    13572.939    9656.0614    15569.897    9248.0327   -39309.446 
 2445000    345.23479    330.85651    13636.258    9477.4922    15534.184    9279.6385   -39270.778 
 2450000    345.75365    326.05425    13831.025    9539.6915     15584.97    9407.9147   -39267.717 
 2455000     344.9225    322.19828    13623.656    9452.8558    15534.572    9366.9913    -39259.06 
 2460000    341.68756    323.47429    13672.886    9684.0889    15514.487    9330.4092   -39304.255 
 2465000    339.85323    323.20795    13592.347      9506.23    15563.441    9352.7425   -39311.895 
 2470000    336.99551    326.85927    13654.632    9542.9924    15614.426    9286.6952   -39220.552 
 2475000    338.00881    324.38616    13642.655    9515.3015    15555.864    9273.5035   -39187.456 
 2480000    339.76155    315.18077    13326.574    9482.5533    15462.107    9388.2606    -39296.48 
 2485000    337.05342    316.53697    13444.929    9542.0915    15553.036    9364.5544   -39256.352 
 2490000    337.04382    316.10552     13404.66    9574.9167    15545.718    9231.4392    -39174.21 
 2495000    338.59431    319.41535    13397.282    9576.4869    15598.616    9300.2505   -39347.817 
 2500000    341.03522    321.70915    13282.315    9422.4211    15521.955    9347.1123   -39350.351 
 2505000    342.26236    312.73197    13084.239    9460.4921    15481.544    9283.4045   -39361.672 
 2510000    330.01812    318.33912    13165.901    9599.6098     15490.51    9238.0211   -39260.432 
 2515000    337.55846    322.59674    13264.759    9403.4513    15524.216    9237.9453   -39273.947 
 2520000    333.47956    319.55375    13181.694    9497.1392    15498.033    9268.1824    -39328.32 
 2525000    335.68611     320.0804    13331.561    9544.6948     15404.72    9273.6727   -39169.847 
 2530000    339.37108    323.40455     13440.03    9578.8416    15528.376    9128.8969   -39274.892 
 2535000    342.53281    321.73293    13255.577    9534.8941    15378.186     9242.457   -39355.991 
 2540000    340.69825    316.34954    13286.878    9401.3164    15427.295    9237.1305   -39184.975 
 2545000     334.1478     316.6509    13044.926    9530.3572    15527.637    9177.6939   -39429.667 
 2550000     340.4634    319.32412    12960.637     9478.833    15431.736    9107.6731    -39339.44 
 2555000    336.98643    317.60574    12990.706    9371.5043    15506.729     9179.768   -39354.372 
 2560000    336.65615    319.25006    13139.239    9499.0073    15448.852    9256.1136   -39262.613 
 2565000    337.09596    322.65201    13261.651    9552.6423    15457.068    9280.4417   -39312.597 
 2570000    333.79251    326.73171    13275.287    9539.4837    15422.051    9217.5222   -39217.653 
 2575000    336.83761    325.91737    13257.014    9503.3017    15496.688    9096.7154   -39102.199 
 2580000    338.15964     323.3382    13330.895     9538.665    15483.136    9230.8888   -39332.061 
 2585000    342.07741    318.44188    13175.569    9510.4102    15482.095    9196.3647    -39393.95 
 2590000    340.49284    322.86184    13198.061    9575.5175    15460.796    9314.2321   -39509.434 
 2595000    340.47163    328.44637    13264.796    9409.3523    15479.076     9264.617    -39410.97 
 2600000    339.57187    327.06676    13437.275    9651.6872    15416.618    9216.3751    -39417.89 
 2605000    339.66217     329.8838    13626.191    9591.9511      15467.8    9330.5671   -39270.358 
 2610000    340.15916    324.23913    13357.602    9550.0227    15514.077    9228.2823   -39314.409 
 2615000    343.71841    325.89673    13403.324    9595.1313    15357.535    9289.2051   -39391.891 
 2620000    344.24621    325.70344    13465.426    9701.1754    15228.768    9388.7515   -39368.212 
 2625000    344.42871    327.61886    13361.376    9596.7544    15360.752    9274.6927   -39380.735 
 2630000    347.07416    321.80827    13260.518    9615.5272    15286.464    9363.4341    -39523.02 
 2635000    338.14053    331.30428    13253.409    9493.7341    15271.614    9314.5887   -39333.215 
 2640000    338.42764     329.5978    13326.268    9471.5283    15386.312    9325.5204   -39421.957 
 2645000    342.07108    330.92756    13070.234    9563.7595    15228.636    9252.5637   -39475.262 
 2650000    340.85576    322.24305    13132.496    9541.2054    15213.025    9294.2868   -39303.053 
 2655000    338.08741    327.52674     13046.86    9479.6394    15390.967    9207.9189   -39373.349 
 2660000    339.39379    327.47066    12921.379    9492.7968    15258.064    9212.3914   -39370.507 
 2665000    339.02024    322.57857    13024.223    9514.6324    15357.771    9238.4971   -39446.764 
 2670000    336.02555    323.10139    12707.101    9571.4582    15237.809     9226.613   -39520.745 
 2675000    334.44484    328.16821    12922.438    9548.4628    15258.394    9222.0536   -39447.017 
 2680000    340.02584    324.27221    12687.184    9455.5971    15120.566    9297.3655   -39499.627 
 2685000    340.87048    312.91571    12642.435    9498.0859    15180.449    9338.8697   -39553.957 
 2690000    340.60023    322.33985    12633.578    9508.8511    15134.279    9240.9137   -39514.985 
 2695000      343.758    326.93383    12789.738    9461.4317    15082.797    9218.7298   -39524.961 
 2700000    338.47124    322.75249    12581.853    9427.6903    15179.498    9300.9685   -39550.489 
 2705000    339.53137    318.21738    12861.019    9648.9168    15016.848    9350.3403    -39404.79 
 2710000    337.16956    329.97559    12991.201    9496.0407    15087.021    9242.8685   -39382.616 
 2715000     336.2147    323.34407    12885.414    9642.9693    15122.886    9313.3712   -39468.789 
 2720000    340.90908    319.37126    12783.642    9572.5606    15042.387    9289.4762   -39425.558 
 2725000    341.23749    313.82822     12580.29    9555.3135    15067.729    9212.8996    -39485.72 
 2730000     339.1017    313.02702    12711.474    9561.5471     15046.01    9279.2522   -39443.605 
 2735000     334.2329    319.45562    12653.263    9546.4806    15074.443    9215.9363   -39418.301 
 2740000    340.63134    320.65638    12561.822    9412.9445    15212.045    9208.5063   -39649.622 
 2745000    332.47924    318.84399    12444.218    9514.9034    15076.076    9172.0861   -39449.671 
 2750000    334.39075    316.63914    12653.347    9607.3638    15023.611    9283.6745   -39468.049 
 2755000    331.39613    323.16537    12570.632    9524.6835    15158.792    9277.8634   -39549.216 
 2760000    339.59596    320.32506    12451.573    9549.9872    14936.932    9220.3474   -39484.998 
 2765000    333.06682    321.74596    12589.516    9455.8334    15052.648    9186.4947   -39417.004 
 2770000    332.98407    321.81816    12543.388    9668.5929    15017.911    9120.7871   -39584.752 
 2775000     336.2173    322.15451    12599.704    9431.7046    15073.923    9258.4206   -39428.512 
 2780000    336.63748    323.21365     12485.26    9531.6851    14935.433    9211.4516    -39428.05 
 2785000    334.21131    325.91311    12483.456    9450.3843    15029.239    9268.8908    -39543.95 
 2790000    338.76416    322.31185    12715.724    9359.2171    15127.187    9280.7666   -39501.676 
 2795000    334.54247     327.4086    12668.092    9480.8756    15085.563    9168.9954   -39477.053 
 2800000    333.87521    323.22384    12610.999    9448.8741    15089.383    9341.1628   -39527.034 
 2805000    332.77645    330.69608    12419.457    9362.1801    15122.031    9234.6436   -39622.602 
 2810000    330.89543    322.98292    12429.803    9449.8974    14986.309    9255.6158   -39485.904 
 2815000    331.05307    321.54512      12437.2    9450.2547     15119.12    9245.9238   -39665.948 
 2820000    334.33831     321.8819     12391.28    9381.7922    14934.123    9296.7967   -39566.027 
 2825000    329.89457    326.97633    12262.638     9457.157    15127.816    9157.5819   -39652.692 
 2830000    333.10326    319.79996    12326.287    9361.0263    15079.446    9279.6754   -39536.561 
 2835000    334.09833    319.87323    12382.382    9420.1098     15056.21    9190.1505     -39510.3 
 2840000     332.9677    324.09687    12574.915    9511.0561    14871.324     9239.205   -39315.291 
 2845000    330.46038    329.67257    12435.839    9475.0959    14937.192     9200.032    -39511.51 
 2850000    327.67054     324.0538    12431.365    9526.7012    14857.006    9369.5026   -39531.064 
 2855000    328.20305    319.35747    12375.121    9442.9158    15027.204    9301.2473   -39542.462 
 2860000     327.6867    322.92908    12312.822    9484.8516    15016.301    9154.1362   -39470.896 
 2865000    331.39774    321.56553    12256.327    9413.9146    14968.726    9137.8011   -39414.044 
 2870000    334.81887    320.59514    12432.939    9401.3178    15037.613    9185.0171   -39511.971 
 2875000    327.24938    320.04544    12242.727     9527.967    14977.325    9244.7725   -39561.098 
 2880000    331.49249    318.15662      12240.7    9534.6774     15106.78    9208.1782   -39643.458 
 2885000    332.18511    321.36397    11958.716    9399.9482    14894.933     9236.977   -39697.638 
 2890000    324.45514    322.42722    12172.074    9497.4725    14993.056    9287.3479    -39651.38 
 2895000    333.60139    319.56755    12199.342    9413.6178    15043.927    9298.0987   -39695.623 
 2900000    333.73281    314.84534    12292.728    9464.2172    14977.642    9285.0078   -39546.327 
 2905000    332.27994    316.12361     12267.79    9406.2964      15038.1    9220.9175   -39555.984 
 2910000    335.53937      318.754     12145.94    9373.4596    14940.495    9239.5437   -39554.316 
 2915000    335.51645    321.39742    12242.388    9505.5005    14876.159    9147.7353   -39595.997 
 2920000     333.3459    319.72711    12044.523    9408.9159     14941.98    9233.1164   -39731.617 
 2925000     337.1409    317.15372     12098.65      9429.99    14896.394    9264.7584    -39773.22 
 2930000     333.6194    320.95516    11953.783    9376.0466    14918.566    9097.5425   -39651.806 
 2935000    332.93662    318.23478    12037.651    9475.1634    14836.327    9160.5173   -39589.389 
 2940000    333.79129    317.83916     12015.07    9414.4708    14923.147    9175.0124   -39620.318 
 2945000    330.87433    319.23265    11804.155    9399.2955    14788.658    9161.0987   -39760.845 
 2950000    324.70226    315.13574    11653.771    9450.2702     14945.33    9088.1845   -39767.766 
 2955000    328.85968    313.41818    11767.488    9424.2564    14958.903    9195.5103   -39815.717 
 2960000    323.39933    315.82521    11684.287    9444.1721    14936.404    9156.8659   -39702.821 
 2965000    326.27307     321.3759    11558.385    9286.7756    14848.174     9030.495   -39552.595 
 2970000    325.88019    313.84349    11819.205    9423.3635    14895.579    9178.6683   -39573.648 
 2975000    326.35157    317.49048    11866.713    9388.2705    14829.921    9242.0171   -39621.134 
 2980000    329.26017    316.28828    11847.901    9430.2629    14928.646    9146.6543     -39748.4 
 2985000    331.66471    309.80971    11602.558    9273.9887    14976.548    9114.5958   -39708.167 
 2990000    329.02427    311.46225    11779.299    9391.9203    14939.016    9092.9591   -39723.962 
 2995000     326.4133    312.39239    11980.292    9367.7475    14989.839    9153.3999   -39551.948 
 3000000    327.07781    320.62827    11899.717    9550.4874    14808.602    9134.1362   -39717.238 
 3005000    331.46489    318.09545    11899.703    9351.3422     14933.47     9098.119   -39694.655 
 3010000    326.09491    311.40588    11567.634    9395.7934     14889.75    9201.4212   -39721.885 
 3015000    327.78616    318.07184    11813.335    9432.0731    14908.462    9099.7894   -39712.674 
 3020000    328.51415    316.98003    11707.209    9386.1009    14877.053    9084.6368   -39688.452 
 3025000     331.8071    314.64805    11820.891     9529.829    14822.661    9111.8524   -39751.858 
 3030000    326.28479    311.20024    11682.892    9331.0067    14892.768    9175.1763   -39673.648 
 3035000    328.40126    310.83866     11569.19    9440.7102    14778.449    9168.8133   -39787.065 
 3040000     328.4661    313.42764    11598.012    9342.4396    14796.201    9232.9323   -39755.527 
 3045000    331.30717     316.2517    11677.138    9228.8871    14778.254    9230.9227   -39658.674 
 3050000     326.1001    310.73017    11591.804    9355.5865    14773.315    9173.6483   -39717.403 
 3055000    328.68764    312.84921    11414.364    9341.4797    14844.941    9187.8831   -39851.718 
 3060000     320.0776    321.65185     11484.71    9468.9904    14794.163    9126.2452   -39715.569 
 3065000    327.81988    317.55172    11492.469    9456.9487    14749.553    9088.0544   -39840.228 
 3070000    322.41184    324.18351    11527.371      9355.01    14819.968    9098.6282   -39723.837 
 3075000    325.99188    315.36514    11712.391    9429.9371    14815.137    9176.2472   -39717.909 
 3080000    324.80263    320.09568    11492.314    9336.9072    14695.472    9155.9283   -39738.365 
 3085000    320.52962    317.97151    11564.098    9388.1445    14740.861    9257.2995    -39663.01 
 3090000    315.35744    314.42248     11297.56    9584.4436    14788.955    9134.4038   -39843.757 
 3095000    324.73839    310.80203    11475.532    9354.6126    14816.819    9241.1325   -39771.073 
 3100000    322.88103    307.54054    11604.378    9489.6369    14799.436    9160.1127    -39662.58 
 3105000    325.90758    310.18185    11344.223    9286.7817    14854.115    9183.2972   -39731.804 
 3110000    323.45809    316.44736    11567.081    9288.9779    14853.147     9024.222   -39609.265 
 3115000    322.65112    311.15535    11581.689    9395.4299    14828.524     9078.294   -39572.669 
 3120000     326.3313    315.07066    11260.921    9305.2648    14782.924    9024.5613   -39845.939 
 3125000    319.47329    315.15316    11303.165    9389.8908    14715.563     9160.187   -39802.556 
 3130000    319.80903    313.87032    11057.065    9276.1734    14815.238    9042.7005   -39923.736 
 3135000    321.87839    311.37672    11087.299     9391.629    14592.484    9167.4087    -39884.55 
 3140000    317.03198    310.01614    10996.065    9427.4223    14735.468    9107.7443   -39889.505 
 3145000    326.37676    317.50449    11000.429    9161.6552    14753.972    9007.3054   -39871.038 
 3150000    323.95749    311.74361    11206.454    9258.3007    14738.999    9046.9469   -39787.947 
 3155000    320.28229    312.18589    11327.447    9442.0251    14766.197     9067.216   -39850.537 
 3160000    321.46233    314.66745    11191.146    9488.5854    14676.776    9042.8004   -39874.859 
 3165000      322.171    310.83204    11046.804    9362.8758    14627.549    9084.9114   -39823.099 
 3170000    321.27457    315.07019    11068.945    9293.0141    14645.594    9136.7001   -39900.526 
 3175000    321.85702    314.32678    10985.847    9275.5436    14748.383    9024.4666   -39913.073 
 3180000    322.98349     308.8714    10933.668    9276.2554    14822.556    9124.3695   -40044.795 
 3185000    319.32483    312.33997    11171.266    9263.0616    14705.373    9084.5779   -39791.644 
 3190000    322.06312    311.31723    11161.203    9260.6172    14727.356    9167.8616   -39847.471 
 3195000    319.89758     308.6045    11018.911    9305.5386     14655.16    9108.3541   -39778.507 
 3200000    317.01598    314.92483    11205.583    9338.7865    14719.186     9095.663   -39741.954 
 3205000    322.02292    312.41235    11245.743    9263.2172    14684.613    9125.3784   -39757.774 
 3210000    318.50918    306.89748    11218.927    9426.5135    14786.904    9089.5933   -39826.231 
 3215000    316.92222    312.75029    11043.293    9332.8191    14648.948    9055.0666   -39752.458 
 3220000    316.10914     307.8353    10795.002    9276.2475    14609.167    9065.6739   -39799.426 
 3225000    317.23276    313.28489    10827.674    9336.0066    14607.266    8980.2318   -39744.735 
 3230000     315.2735    309.73471    10805.736    9395.1369    14593.063    9064.0668   -39935.313 
 3235000    312.94937    314.83924    10948.317    9328.4985    14629.946    9064.4541   -39765.022 
 3240000    319.19972    310.66828    10899.024    9374.9326    14711.224    9062.6239   -39991.058 
 3245000    318.53591    309.43324    10700.685    9310.3635    14641.844    9051.5995   -39991.091 
 3250000    317.99667    306.60284    10724.921    9274.8597    14684.697    9041.6141   -39924.123 
 3255000    316.85875    308.77328    10647.421    9370.0722    14615.262     8947.293   -39947.002 
 3260000    325.81358    307.57285    10789.272    9286.3317    14568.553    8975.7123   -39940.201 
 3265000    317.68685    309.03234    10662.829    9194.0757    14650.642    9084.1519   -39868.162 
 3270000    322.68845    305.94467    10948.822    9329.9747    14652.092    9084.4367    -39899.26 
 3275000    318.52969    314.26434    10636.065    9238.7403    14671.478    9038.8221   -40074.261 
 3280000     318.1599    307.71018    10907.025    9301.8451    14577.394    9123.9492   -39828.067 
 3285000    312.46611    310.50415    10728.218    9288.2056    14726.954    9032.1082   -39915.928 
 3290000    320.15193    306.60197    10967.831    9341.7863    14676.278    9092.3658   -39904.456 
 3295000    316.14295    314.22946    10756.754    9297.5976    14624.269    9009.4476   -39982.128 
 3300000    315.68184     312.8691    10793.279     9358.743    14665.743    9015.2397   -39969.653 
 3305000      324.037    311.35546     10950.31    9311.0807    14649.753    9064.7366   -40021.897 
 3310000    317.15425    308.71002    10753.819    9217.5684    14713.507    9134.3714    -40055.29 
 3315000    315.03899    310.51453     10726.59      9376.52    14682.791    9044.3289   -39995.174 
 3320000    320.85153    308.97015    10753.293    9251.4408    14780.784    9102.5778   -40090.524 
 3325000    327.10643    305.78075    11055.734    9280.9549    14795.155     9069.262    -40059.61 
 3330000    319.12948    311.21721    11025.898    9352.8197    14741.006    9085.9292   -39991.185 
 3335000    320.85042    317.21552    10739.553    9229.8449    14678.334    9054.1997   -40015.712 
 3340000    320.09616    313.04703    11052.128    9347.1075    14674.408    9067.3089   -39861.886 
 3345000    319.57518    311.44471    10954.493    9269.1883    14618.329    9246.4728   -40007.206 
 3350000    319.67218    310.67044    10776.566    9263.5293    14622.096     9004.813   -39966.884 
 3355000    327.01151    313.22277    10847.058    9302.8756    14525.858    8997.7648   -39925.014 
 3360000    320.34611     307.1237    10868.739    9447.7797     14653.55    9050.1242   -40091.217 
 3365000    321.59062    308.93231    10761.003    9275.8736    14620.328    9051.8209   -40006.585 
 3370000    319.41821    310.84877     10551.21    9304.9407    14644.012    9089.8444    -40113.08 
 3375000     318.4076    313.73412    10690.635    9311.6012    14767.464    8992.1524   -40177.699 
 3380000    319.53265    310.95548    10625.518    9188.5518    14630.346    9001.8607   -40095.858 
 3385000    317.01266    309.23333    10699.057    9240.4294    14636.075    9133.7188   -39985.014 
 3390000    317.16511    311.55585    10683.333    9319.1373    14646.664    9029.4008   -40043.692 
 3395000    319.12849    310.27044    10843.726    9349.3384    14693.732    9008.2065   -39983.392 
 3400000    324.03687    311.00947    10902.504    9291.6751    14694.405      9032.53   -39965.888 
 3405000    320.57894     311.2352    11075.475     9402.316    14620.635    9153.0611   -40025.564 
 3410000    318.36074    311.82923     10914.87    9332.0113    14665.336    9107.8649   -39977.075 
 3415000    320.92103    314.14042     11047.05    9172.4156    14778.452    9095.3877   -39893.106 
 3420000    320.83932    309.65507    10960.494    9315.2836    14652.489    9151.4378   -39939.162 
 3425000     321.5673     311.3212    11084.393    9333.4955    14696.286    9091.7825   -39915.059 
 3430000    318.85557    312.60368    11015.128    9357.9912    14729.647    9112.5269   -39930.265 
 3435000    326.14678    313.40952    11072.057    9284.0423    14655.972    9077.3776   -39890.189 
 3440000    325.82705    317.22404    11040.483    9319.4649    14568.682    9062.4327    -39879.28 
 3445000    323.90636    309.15373    11123.766    9302.8419    14697.241    9024.0107   -39781.571 
 3450000    327.01337    311.51507    11104.272    9269.7754    14662.349    9064.1529   -39805.472 
 3455000    320.62968    309.87326     10964.68    9315.6701    14684.208     9113.419   -39898.451 
 3460000    323.05983    306.38198    10815.143    9276.2113    14628.892    8974.4046   -39863.731 
 3465000    321.80042    305.88768    10965.265    9260.7734    14718.063    9029.2916   -39835.628 
 3470000    324.21119    309.33486    10892.314     9210.238    14712.255    9060.7626    -39918.99 
 3475000     318.1322    307.99131    11131.074    9250.6127    14792.199    9104.6971   -39819.883 
 3480000    321.97297    309.61357    11116.814    9261.0707    14850.377    9057.4295   -39873.695 
 3485000     325.0658    310.99513    10965.749    9328.7248    14620.316     9157.864   -40014.818 
 3490000    325.28673    304.59189    10795.361    9263.7408    14690.997    9071.1974   -40054.028 
 3495000      321.452    301.40261    10830.163    9352.1645    14747.549     9111.564   -39964.247 
 3500000    324.20683    304.03931    10798.206    9279.1155    14707.691    9062.5247    -39975.79 
 3505000    325.91336    307.88055    10771.251    9233.3955    14731.221    9081.5071   -40122.632 
 3510000    321.38606    307.34069    10835.931    9233.7272    14604.689    9145.4471    -39919.52 
 3515000    325.76205    309.35247     10952.65    9256.4363    14648.585    9096.6403   -40018.375 
 3520000    323.47859    307.23929    10920.693    9285.5754    14648.702    9162.6875   -40049.434 
 3525000    319.11099     312.3895    10929.965    9453.4355    14636.103    9110.0952   -40061.861 
 3530000    316.93715    309.43402    10748.291    9328.7937    14611.608    9261.3705   -40137.853 
 3535000    322.45183    313.74572    10980.714    9408.1649    14690.837    9145.4968   -40135.459 
 3540000    325.36283    312.17242    10709.445    9313.2692    14680.968    9035.2547   -40238.263 
 3545000    322.39627    311.41033    10771.953    9321.4688    14638.739    9134.8092   -40236.942 
 3550000    320.01741    308.31259    10672.055    9279.4777    14678.144     9089.455   -40111.964 
 3555000    321.33616    310.98308    10741.675    9375.0882    14681.042    9002.1543   -40129.144 
 3560000    318.22634    314.15414    10637.533    9369.8537    14646.616    9122.2152   -40223.535 
 3565000    320.22459    313.04627    10617.241    9288.6689    14559.951    9161.1626   -40237.609 
 3570000    313.91372     316.8566    10700.007    9287.0531     14539.23    9213.3998   -40066.639 
 3575000    316.80875    307.78933    10709.474     9344.532    14544.397    9169.0161   -39989.256 
 3580000    320.37074    309.02667    10904.689    9402.4378     14556.36    9033.2792   -39861.789 
 3585000     319.1461    314.04104    10635.179    9138.8073    14598.595    9125.0265   -39974.212 
 3590000    315.92575    315.64858    10811.522    9354.5294    14562.763     9216.796   -39985.081 
 3595000     321.3505    310.84508    11033.587    9298.4315    14655.468    9097.6038   -39860.857 
 3600000    320.40907    318.65026    10661.519    9261.0893    14472.485     9035.125   -39990.563 
 3605000    316.01617    314.84278     10889.81    9308.1674    14586.191    9114.3647   -39979.598 
 3610000    321.87962    310.66912    10759.944    9309.3629    14673.911    9050.9138   -40013.032 
 3615000     322.4518    310.63154    10832.899    9308.8675    14578.651    9050.3797    -39945.13 
 3620000    323.56362     311.5359     11009.89    9329.6143    14641.626    9077.5379   -39939.632 
 3625000    321.52048    316.47022    10808.696    9274.9802    14512.525     9146.033   -39970.314 
 3630000    317.21877    311.31838    10952.566    9283.8139    14691.251    9164.6868   -39980.345 
 3635000    327.74937    314.43881     10818.99    9274.1358    14585.667    9007.3648   -40099.487 
 3640000    323.22201     312.9919    10879.134    9339.1538    14758.967    8981.3803   -40070.374 
 3645000    321.19658    312.06757    10932.369    9323.8173    14748.955    9073.1066    -39990.64 
 3650000    319.36043    308.66214    11005.281    9321.0206    14661.552    9124.3589   -39912.177 
 3655000    320.74787    314.78807    10979.188    9394.5048    14700.352    9146.9201   -40075.445 
 3660000    317.43977    310.30486    10817.092    9256.7374     14751.93    9166.0188   -39999.246 
 3665000    320.22905     311.9563    10719.401    9202.2797     14661.54    9145.9017   -40089.924 
 3670000    318.81485    314.79955    10819.622    9243.0628    14707.176    9096.9228   -40074.655 
 3675000    316.20021    306.89934    10901.491    9438.6097    14667.567    9139.7619   -40006.654 
 3680000    318.93509    305.69185    10735.195     9160.844    14730.724    9115.3307   -39934.512 
 3685000    315.84462    309.87077    10738.769    9275.2658    14647.515     9095.354   -40016.907 
 3690000     315.7843    307.46664    10337.782    9222.6608    14589.848    9020.7823   -40072.722 
 3695000    319.36531    310.75576    10247.588    9185.2258    14568.898    9038.5268   -40210.413 
 3700000    316.66557     308.2572    10426.873    9193.7081    14639.351    9043.4328   -40077.187 
 3705000     316.0942    309.06705    10915.716    9250.5387    14702.073    9214.2101   -40009.804 
 3710000    319.83319    310.12069    10796.917    9370.1322    14517.615    9138.8748   -39981.235 
 3715000    318.03229    308.49407    10942.165    9252.8064     14659.37    9190.2259   -40061.497 
 3720000     321.2795    311.42762     10658.97    9210.4434    14503.981    9242.5104   -40146.637 
 3725000    316.74891    306.99273    10472.735    9247.8285    14558.158    9077.2417   -40029.436 
 3730000    321.07798    310.98018    10359.914    9233.8025    14520.971    8977.8742   -40107.002 
 3735000    317.24751    310.20438    10450.216    9243.1192     14657.36    9063.5813   -40154.987 
 3740000    318.93877    308.52606    10656.711    9244.1905    14634.568    9129.6808   -40115.236 
 3745000    317.56028    311.74904    10295.156    9164.1774    14586.561    9066.9705   -40161.622 
 3750000    318.37011    311.54726    10314.107     9219.836    14451.017    9076.1351   -40126.049 
 3755000    315.02232    307.89614    10451.011    9231.0611    14539.526    9058.1811   -40092.413 
 3760000    320.14262    309.44681    10323.895    9247.6978    14554.633    8898.7722   -40167.876 
 3765000    317.90698    308.36099    10311.781    9237.3251     14600.08    9012.2271   -40179.392 
 3770000    319.07243    308.50608    10290.527    9239.1558    14585.428     8980.524   -40231.852 
 3775000     313.3742    305.08977    10420.139    9258.1751    14565.165    9110.5201   -40071.242 
 3780000     315.8955    311.74387    10586.943    9238.5732    14576.842    9040.4781    -40045.65 
 3785000    309.94093    306.33234    10636.864    9328.2281    14707.319    9019.9108   -40071.517 
 3790000    314.27675    304.91137    10379.377    9210.4337    14529.294    9060.7456   -39986.422 
 3795000     315.1376    309.65383    10335.797    9137.2347    14554.065    9100.3477   -40118.478 
 3800000    315.32731     303.0033    10375.059    9259.5737    14485.096    9135.5357   -40100.688 
 3805000    318.49625      304.668    10225.159    9222.0582    14526.616    8993.0693   -40191.281 
 3810000    314.57757    304.43983    10197.049    9197.6553    14571.263    9045.9802   -40167.207 
 3815000    315.11289    306.56387    10165.513    9185.5464    14532.459    8882.1988   -40139.703 
 3820000    315.50272    302.49622    10358.619    9264.6912    14512.232    9012.4863    -40078.43 
 3825000    320.03511    305.60735    10400.028    9187.8713    14593.625    9083.5624   -40147.906 
 3830000    315.00369    306.09661    10536.307     9300.736    14478.083    8994.8324   -39908.895 
 3835000    314.58252    308.26992    10323.254    9297.1576    14520.862    8994.9598    -40069.49 
 3840000    314.30181     306.7923    10573.638    9262.9446    14546.635    9105.6937   -39917.961 
 3845000    320.42951    304.37449     10410.88    9193.0051    14547.502    9013.3776   -39970.244 
 3850000    320.54274    306.98178    10517.008    9294.0921    14503.191     9042.873   -40047.026 
 3855000    320.57071    304.67462    10581.344    9379.3852     14585.68    8973.0726   -40030.801 
 3860000    314.48787    302.66668     10418.54    9278.0177    14608.004     8960.486   -39952.824 
 3865000    313.73655    305.75244    10451.803    9333.7917    14543.312    9008.4253   -40046.037 
 3870000    312.89761    312.19587    10528.988    9221.5354    14498.522    9117.4881   -39904.995 
 3875000    316.78599     306.5217     10514.79    9286.4368     14583.85    9005.9439   -40020.465 
 3880000     317.2039    309.81738    10266.589    9225.0086    14544.508    8864.8154   -40038.621 
 3885000    320.34537    302.88907    10282.169    9248.3811    14565.323    9011.4676    -40085.84 
 3890000    316.63293    303.74298    10472.337    9382.7454    14595.337    9009.3233    -40174.26 
 3895000    315.10232    303.24861    10258.947    9190.6717    14556.002    9017.5093   -40019.274 
 3900000    314.35838    304.34768    10264.169    9212.4331    14564.764     9044.612   -40117.417 
 3905000    316.33097    307.52998    10270.924    9133.4859     14592.98     8964.845   -40133.145 
 3910000    314.73611    304.72481    10396.879    9159.2501    14648.432    9086.4493   -40075.618 
 3915000    316.98676     311.5002    10650.242    9173.8597     14680.48    9028.5036   -40002.589 
 3920000    319.77578    308.51824    10481.271    9165.6103    14698.459    9035.1341   -40081.563 
 3925000     320.9483    306.34832    10638.885    9234.6615    14621.436    9029.7801    -40050.24 
 3930000     317.7965    305.85382    10623.236    9153.2837    14680.209    9034.4138   -39975.597 
 3935000    313.48796    309.96758    10457.235    9252.9163    14620.886    9039.1141   -40085.185 
 3940000    314.69304    314.42225    10647.978    9150.8798    14727.055    9026.0193   -40026.238 
 3945000    314.20451    308.89392    10602.432    9262.8129    14737.358    9025.2539   -40060.703 
 3950000    322.86693    309.27706    10490.052    9126.4746    14657.812    9013.8893   -40117.738 
 3955000    316.38202    302.07561    10584.336     9285.774    14705.719    8980.4069   -39977.996 
 3960000    314.36551    310.66556     10545.37    9280.6455    14552.619    8971.7574   -39955.846 
 3965000    316.22722    305.64691    10627.113    9244.6383    14680.878    8937.4408    -39898.65 
 3970000    315.34287    306.84066     10737.81    9354.2409     14591.09     9067.082    -39949.05 
 3975000    317.38311    310.75218    10762.298    9311.5874    14657.726    9051.6073   -40035.459 
 3980000    322.68105    309.11551      10447.9    9231.4631     14602.52    8968.2441   -40097.896 
 3985000     319.0816    305.47845    10345.739    9197.6909    14608.543    9043.9508   -40158.741 
 3990000    313.21383    310.11385     10414.28    9214.7892     14696.64    8993.0162   -40054.199 
 3995000    314.79637    312.53508    10584.677    9247.5471    14596.992    9104.8722   -40083.707 
 4000000    319.63204    309.88201    10618.028    9173.8741     14719.02    8991.7682   -39979.071 
 4005000    318.87116    315.32123    10862.236    9259.9801    14676.981    9048.4972   -40014.742 
 4010000    316.62757    310.01712    10670.242    9327.6176    14633.541    9067.2048   -40005.373 
 4015000    316.82852    307.53913    10495.541    9302.4234    14713.338    8974.1313   -40122.849 
 4020000    315.16612    310.77735    10684.348    9424.0688    14664.667    9014.7252   -40045.663 
 4025000     320.3584    309.66456    10585.814    9245.4594    14784.667    9074.2303    -40109.06 
 4030000    324.26908    314.06299    10794.975    9289.6643    14674.057    8995.3341   -40086.384 
 4035000    318.75463    302.10233    10905.272    9361.9462    14686.793    9085.3715   -39949.536 
 4040000    321.04789    311.08655    10937.095    9289.5561    14714.151     9040.336   -39902.726 
 4045000    321.91427    308.39546    10831.441    9216.2339    14640.656    8994.5475   -39756.979 
 4050000    326.85217    304.47492    10793.456    9298.3366    14699.862    9107.5683   -40095.535 
 4055000    322.96065    311.40259    10768.457    9304.3741    14696.867    9128.5018   -40109.771 
 4060000    327.53646    313.81607    11117.528    9386.0254    14710.261    9164.5889   -40054.882 
 4065000    326.48442    311.71689    10818.904    9286.9963    14616.575    9089.8763   -40083.852 
 4070000    321.71842    314.02245     10878.27    9368.0422    14592.952    9042.0136   -40068.458 
 4075000    326.84403    304.42219    10748.214    9198.8461    14683.491    9111.9514    -40039.81 
 4080000    325.20935    305.78835    10650.879    9282.9252    14696.624    9029.1789   -40102.748 
 4085000    326.12609    307.04544    10895.032    9314.8668    14533.904    9165.5192   -40089.463 
 4090000    318.33882    311.66184    10922.246    9282.5061    14581.605    9167.5179   -39944.489 
 4095000    316.47458     313.8542    10867.733    9376.7545    14625.999    9065.1246   -39954.013 
 4100000    323.52517    312.01895    10886.757    9373.0524    14616.187    9102.0909   -40029.978 
 4105000    320.05537    313.92206    10919.302    9355.4203    14645.713    9079.6584   -39967.861 
 4110000    321.17163    312.96901    11166.141    9329.5555    14708.164    9058.9491   -39820.893 
 4115000    322.54455     310.0614    10940.561    9344.0888     14726.95    9170.1265   -40053.776 
 4120000     327.8056    308.54875    10990.561    9226.0645    14687.665    9087.6904   -39892.333 
 4125000    324.30872    311.12318    11017.472    9351.9378    14719.261    9138.4085   -40089.104 
 4130000    324.61559    314.67552     11096.39    9232.0183    14794.534    9167.7469    -40087.16 
 4135000    321.98385    315.20197    10902.413    9187.5219    14710.297     9098.197   -39962.085 
 4140000    320.17899    319.31193     11098.06    9339.6648    14733.692    9161.1208   -40013.127 
 4145000    321.22217    311.83032    11306.194    9378.9407    14810.346    9171.9005   -39955.852 
 4150000    319.19288    310.87106    10937.197    9396.3347    14728.002     9049.588   -39939.525 
 4155000    322.01998    313.93712     10979.61    9344.1595    14679.764    9108.9612   -40073.212 
 4160000    320.49078     311.5616    10882.835    9264.2622    14816.635    9005.8034   -40057.662 
 4165000    318.85781    308.50891    10939.717    9236.0121    14746.165      9183.32   -39932.227 
 4170000    321.32752    308.10864     11145.59    9253.2425    14717.192    9159.0862   -39774.853 
 4175000    324.17847    312.41163     11168.15    9175.9846    14686.637     9161.944   -39886.257 
 4180000    324.31793    313.50152    11051.295    9261.2877    14661.011    9138.1673   -39929.633 
 4185000    321.71414    318.23233    11141.452    9259.1044    14768.331    9047.9827   -39825.999 
 4190000    322.95123    316.05927    11250.246    9307.9151    14803.809    9157.8777   -40016.561 
 4195000    321.26086    314.80516    11117.873    9278.3569    14750.061    9171.2277   -39950.086 
 4200000    326.02037    312.12196    10951.653    9298.4098    14720.849    9122.7259   -40052.251 
 4205000    320.08093    313.24796    10997.069    9288.0419    14758.402     9148.677   -40000.518 
 4210000    327.26239    310.63164    11086.304     9394.045    14664.196    9109.1872   -40014.376 
 4215000    320.62894    316.76638    10960.442    9263.0669     14680.56    9161.3673   -40051.428 
 4220000    324.98294    311.41948    10991.362    9332.9224    14658.156    9105.4315   -40029.385 
 4225000    325.23351    308.31885    11189.454    9203.2075    14872.291    9165.1731   -40032.448 
 4230000    326.51422    305.48067    11005.677    9306.6574    14670.935    9125.7336   -39981.191 
 4235000    320.84395    306.31106    10895.053    9326.3308    14620.355    9135.4528   -39942.476 
 4240000    322.36164    308.48858    10997.163     9308.421    14747.171     9093.689   -39942.773 
 4245000     324.5347    313.68361    11064.983    9349.9684    14625.353    9036.5919   -39891.328 
 4250000    327.83108    307.79757    11035.166    9257.1639    14634.665    9227.5143   -39932.285 
 4255000    324.15574    307.27414    11151.281    9320.5972    14738.249    9139.5376   -39869.004 
 4260000    323.51974    306.87091    11081.687    9336.0279    14778.802    9070.2524   -39872.521 
 4265000    325.07825    309.40405    11189.107    9388.1965    14845.487    9078.6866   -39925.306 
 4270000    323.22056    301.48375    11042.925    9425.8409    14654.963    9154.8127   -39991.903 
 4275000    325.85885    310.06654    10718.381    9197.9649    14615.753    9091.4979   -40090.903 
 4280000     324.0072    301.29474    10656.158    9316.9991    14601.843    9063.2942   -40193.384 
 4285000    323.94585    305.24345    10538.478    9247.8046    14618.831    8951.3529   -40092.119 
 4290000    321.69526    305.58248    10703.389    9349.7576    14638.285    9066.4953   -40182.962 
 4295000    320.92819     309.9694    10677.117    9328.4596    14642.271    9004.5984   -40088.933 
 4300000     322.4721    310.04542    10490.267    9313.1239    14608.083     8979.242   -40216.684 
 4305000     320.4277    308.69966    10661.021    9248.9319    14595.671    9031.4358   -40007.649 
 4310000    318.56076    305.36194    10615.801    9234.4197    14645.827    9141.9791   -40067.657 
 4315000    322.29229    309.49174    10599.247    9255.7133    14552.678     8973.511   -40049.836 
 4320000    322.70173    306.25843    10605.138    9217.1021    14617.371    9124.1975    -40160.36 
 4325000    316.12717    306.87886    10301.877    9186.4509    14587.077     9193.514   -40217.227 
 4330000    310.79391    308.62607    10576.757    9276.8991     14738.71    9157.2122   -40094.236 
 4335000    318.12054    311.09651    10624.072    9214.2323    14688.721    9162.4765   -40216.754 
 4340000    320.90703    308.46341    10591.602     9242.765    14638.593    9110.5191     -40050.7 
 4345000     318.4569    309.38048    10590.297    9322.7088    14693.921    9084.9773   -40163.332 
 4350000    320.18295    306.48874    10765.455     9227.914    14755.825    9065.1995   -40097.046 
 4355000    318.52539    306.44776     10878.23    9383.5834     14678.47    9096.5849    -40076.78 
 4360000    323.36267    310.86567    10746.403    9282.8899    14647.745    9080.5854   -40033.188 
 4365000    322.58741    310.76638    10674.447    9311.1498    14621.931    9077.7392   -40173.023 
 4370000    322.08843    314.60336    11025.671    9334.6615    14637.912    9112.2548   -40073.118 
 4375000    316.95663    316.68328    10909.926    9290.3109    14598.839    9166.1569   -40028.913 
 4380000    321.30318     309.6376    10978.568    9350.8062    14659.782    9048.7057   -39896.253 
 4385000    316.75948     314.4397    10937.522    9324.8432    14655.734    9120.1706   -39882.204 
 4390000    317.52584    313.93357    10987.733    9286.9512    14821.603    9128.9562   -40030.487 
 4395000    319.00203    316.10925    11101.791     9316.906    14772.853    9155.9227   -39943.923 
 4400000    319.97143    314.81117    10942.021    9306.7933    14686.726    9147.6474   -39989.424 
 4405000    320.41414    317.93698    10907.856    9329.6884    14673.417    9028.9012   -40095.769 
 4410000    321.79504    314.76253    10933.548    9330.4731    14696.382     9119.969   -40023.099 
 4415000    318.73384    317.23071    10850.701    9313.7653    14537.801    9128.2633   -39991.879 
 4420000    319.16145    313.41592    10926.532    9275.2971    14742.209    9077.8959   -39934.043 
 4425000    320.46975    316.31193    10944.434    9268.7873    14682.334    9018.5027   -39850.133 
 4430000    317.88204    311.26483    11008.596    9343.2355    14702.028    9174.6531   -39972.989 
 4435000    317.97785    310.69325    10673.549    9229.8162    14697.761    8985.5351    -39948.96 
 4440000    323.62153    310.52585    11002.589    9291.4132    14656.973    9118.0347   -39986.188 
 4445000    315.55003    312.87486     10943.05    9260.0685    14780.967    9118.4826   -40015.803 
 4450000    324.27001    312.47301    11037.377    9266.8253    14758.192    9104.1536   -40031.563 
 4455000    319.63049    311.90229    10942.767    9358.0604    14720.171    9095.7747   -40073.477 
 4460000    321.19572    308.79878     10751.99     9322.598    14533.829    9134.3282   -39968.378 
 4465000    318.10158    310.30112    10793.644    9246.9913    14674.808    9140.0195   -40002.949 
 4470000     319.2765    314.48807    10937.581    9342.4224    14657.022    9091.1086    -40037.49 
 4475000    322.73212    313.54226    10997.789     9329.331    14612.296    9168.4628   -39954.321 
 4480000    320.92077    319.67031     10754.29    9301.0715    14552.871     9037.021   -39920.531 
 4485000    322.33622    311.32915    10892.001     9277.132    14667.816    9088.9956   -39981.103 
 4490000    320.37725     307.0158    10875.745    9408.9008    14591.535    9258.1268   -40095.631 
 4495000    319.98762    311.71896    10953.487    9266.9654    14693.314    9298.6975   -40074.192 
 4500000    320.75583    313.94925    10901.614    9327.3999    14663.938     9165.709   -40027.553 
 4505000    324.22591    309.28097    10901.025    9255.3943    14626.198    9080.6366   -39931.341 
 4510000    321.69328    313.71219      11031.4    9322.6579    14628.337    9102.6164   -39942.767 
 4515000    321.49026    315.92319    11100.382    9310.9404    14714.515    9048.2942   -39912.537 
 4520000    316.71165    314.70264    10926.962    9249.2733    14721.043    9215.9043   -39964.338 
 4525000    318.82757    309.91248    10970.916    9374.5402    14734.116    9142.2117   -40043.016 
 4530000      318.864    319.35094    10845.081    9209.7025    14684.749    9254.8283   -40099.587 
 4535000    321.70827     315.6605    10783.337    9315.8825    14634.147    9187.4156   -40168.451 
 4540000    319.51952    313.62065    10772.062    9270.2709    14732.535    9075.3527   -40080.458 
 4545000    319.64501    310.06175      10767.3    9359.5943    14669.829    9174.8319   -40067.505 
 4550000    320.21833    311.45635    10976.781    9336.2111    14604.877    9128.1816   -39976.298 
 4555000    317.06181    314.21913    10819.438    9227.1001    14648.198    9137.2335   -40030.394 
 4560000    322.68121    317.69648    10897.674    9196.4107    14716.369    9036.2556   -40039.125 
 4565000    316.94174    317.95228    10769.836    9225.0046    14724.965    9100.0222   -39968.325 
 4570000    323.00904    319.94162    11065.591    9312.3835     14674.93    9061.5546   -39964.369 
 4575000    319.46465    310.53051      11017.7    9450.7211    14661.893    9143.6006   -39930.685 
 4580000     323.6836    312.46173    11113.243     9314.291    14704.508    9136.7229   -39972.057 
 4585000     316.3981    311.09059    10866.262    9343.1105    14705.729    9169.2136   -40071.204 
 4590000    322.00209     314.4538    10840.559    9251.0019    14737.777    9026.6075   -40103.504 
 4595000    323.32427    317.76832    10878.654    9289.4246    14589.008    9038.6911    -40020.83 
 4600000    320.79188    314.15816    10840.241    9215.0437    14683.629    9192.4596   -40118.065 
 4605000    322.82513    313.93861    11124.151    9345.3532    14735.818    9141.6988   -40024.083 
 4610000    321.83294    311.61313    11210.117     9387.969    14650.641    9169.2095   -39940.816 
 4615000     323.3652    320.78658    11121.387    9384.6114    14706.326    9034.2083   -40033.655 
 4620000    324.31632    319.89809    11283.774     9345.013    14706.253    9185.4143   -39975.453 
 4625000     324.5942    313.60277    11009.546    9352.6081    14716.159    9036.3908   -39965.468 
 4630000    326.86551    308.69119     10928.12    9308.2265    14663.412    9106.0979   -40021.247 
 4635000    322.06881    304.14127    11149.163    9364.4808    14845.872    9155.8141   -39990.325 
 4640000    324.52507    310.84345     11476.79    9319.2639    14720.079    9223.2436   -39805.762 
 4645000    325.44843    313.82393    11363.871    9328.8666    14786.517    9054.6135   -39864.482 
 4650000    318.46186    313.15422    11237.474    9464.9038    14682.483    9163.6714    -39912.15 
 4655000    325.29528    316.36706    11431.276    9339.1811    14800.986     9149.481   -39872.691 
 4660000    318.97435    307.13939    11085.013    9340.0574    14757.832    9125.1895   -39810.963 
 4665000    328.92292    310.26263    11218.024    9335.7834     14789.55    9100.3391   -39950.553 
 4670000    329.86273     313.4582     11164.17    9296.9228    14773.579    9070.2126   -39943.803 
 4675000    325.58562    310.38033    11158.266      9369.76    14756.728    9116.7249   -39991.103 
 4680000    325.54064    306.96497    11025.485     9240.386    14786.297     9183.865   -39977.404 
 4685000    325.17607    310.97477     11252.14    9361.8358    14773.832     9069.335   -39806.417 
 4690000    322.18494    309.55557    11186.486    9384.9853    14837.223    9066.7603   -40061.049 
 4695000    326.62633    307.25098    11140.101    9338.7137    14774.391    9131.3179   -39873.211 
 4700000    328.41897    310.99609    11208.358    9284.7424    14726.625    9167.3824   -40000.039 
 4705000    328.46854     310.6168    11128.252    9299.0144    14654.845     9114.378   -39891.915 
 4710000    327.54669     307.8881    11309.905    9345.8605    14795.899    9179.1407   -39885.542 
 4715000    326.75829    307.60462    11312.371    9267.2023    14803.305     9272.347   -39913.049 
 4720000    327.42872    311.78394    11259.864    9293.3244     14881.49    9079.8371   -39919.302 
 4725000    328.25734    307.92642    11416.923    9345.4164    14762.035    9241.0834   -39853.747 
 4730000    329.15114    310.16331    11414.178    9388.7232    14780.629    9135.1104   -39863.448 
 4735000    325.82818    313.03489    11304.605    9386.6255    14758.542    9125.8874   -39836.304 
 4740000    327.11423    314.04573    11455.521     9338.143    14818.202    9144.6029   -39881.502 
 4745000      324.408     317.8723    11336.724    9311.8347    14718.363    9129.3651   -39747.966 
 4750000    321.56341    317.52362    11574.299     9346.689    14784.273    9152.7076   -39767.072 
 4755000    320.51609    311.81709    11725.607    9495.0245    14766.392    9269.1994   -39711.977 
 4760000     324.2036    313.65992    11535.489    9392.7384    14894.537    9089.0976   -39763.943 
 4765000    324.28217    313.72106    11638.871    9398.5414     14823.73    9078.9411     -39705.2 
 4770000    325.12246    315.02483    11281.009    9356.0892    14744.398    9172.5264    -39946.85 
 4775000    323.35819    316.99966    11221.944    9548.2391    14708.021    9048.8768   -40021.163 
 4780000    323.92045    314.26128     11205.04    9393.3041    14791.232    9110.2814   -40019.225 
 4785000    327.39916    312.37781    11189.559    9267.0105    14877.859    9078.5424   -39986.934 
 4790000    323.66252    308.32817    11258.689    9395.7871    14839.829     9107.807   -39934.163 
 4795000    324.02494    315.05887     11503.03    9275.4286    14885.177     9192.279   -39877.838 
 4800000    323.62356    314.97114    10915.473    9374.7469    14758.182    8989.7452   -40084.292 
 4805000    323.72982    308.23764    11050.516    9377.1839    14700.301    9110.1429   -39948.003 
 4810000     321.5684    306.52739    11004.375    9394.1841    14855.407    9054.8191   -39997.242 
 4815000    320.68368    310.70287    11133.159    9341.6854    14758.238    9163.7676   -39918.662 
 4820000    324.00368    311.40073    11141.385    9345.5018    14768.065    9074.3242   -39897.878 
 4825000    325.96055    310.93616    11206.861    9376.9381    14756.163    9142.3736   -39899.442 
 4830000    321.13392    314.20139    11211.527    9361.1228    14808.709    9129.3166   -39931.744 
 4835000    321.37563     310.5923    10973.779    9420.9372    14816.972    9066.3924   -40079.788 
 4840000    319.36542    308.34854    10916.232    9353.0647    14720.384    9157.3385   -40029.223 
 4845000    325.08662    311.61569    10938.447    9351.8717    14617.321    9030.6493   -39979.393 
 4850000    325.23963    310.56769    11103.126    9263.1394    14778.984    9070.2493   -40040.011 
 4855000    324.36628    314.31451    10842.798    9254.0854    14604.878    9078.1571   -40011.561 
 4860000    326.93678    310.93239    11171.714    9376.9281     14834.98    9104.2874   -40030.684 
 4865000    323.65323    315.64352    11195.842    9389.1793    14678.361    9080.2558   -40004.777 
 4870000    329.36083    311.94898    11334.886    9335.9216    14699.498    9185.7711   -39955.502 
 4875000     330.4894    312.64549    11259.482     9218.643    14768.178    9153.8653   -39940.863 
 4880000    325.75199    310.77868    11026.871    9392.0464    14702.549     9101.989   -39993.381 
 4885000    323.78263     312.8061    11219.663    9346.8174    14930.254    9130.3609   -40070.488 
 4890000    327.60263    310.52464    11043.722    9290.8728    14809.332    9135.1165   -40039.965 
 4895000    323.30133    313.18133    11005.406    9426.3527    14627.971    9099.6976    -40022.18 
 4900000     327.9522    314.33119    10857.804    9342.3626    14682.894    9055.1715    -40170.21 
 4905000    326.56898    307.60243    10823.218    9319.0203    14735.227    9156.5664   -40170.974 
 4910000    323.96715    314.48687    11150.083     9383.071    14741.885    9120.3261   -40046.836 
 4915000     325.1474    318.37013    10987.894    9291.1186    14720.288    9101.2231   -40135.531 
 4920000    321.00221    316.42516    10834.378    9299.8744    14608.683    9235.3377   -40115.865 
 4925000    321.12533     318.2677    11091.707    9354.3225    14762.047    9281.8703   -40170.546 
 4930000    326.33362    317.97056    11100.283    9281.3786    14733.139    9166.5366   -40149.001 
 4935000    323.97486    308.67692    10857.172     9235.363      14709.6    9145.5463   -40159.686 
 4940000    325.00784    311.68551    10903.674    9329.2465    14752.825    9079.3394   -40205.846 
 4945000    320.30002    314.65397    10876.591    9257.2364    14725.886    9081.9878   -40044.046 
 4950000    318.75939    310.46537    10883.609     9368.129     14764.69    9112.1118   -40111.211 
 4955000     315.9134    308.34607    10645.729    9297.3064    14656.409    9183.5046   -40081.389 
 4960000     320.9652    312.69407    10712.887    9286.7694    14610.572    9114.8685   -40102.351 
 4965000    323.60499    310.81594     10676.28    9281.0931    14644.766    8982.6268   -40098.538 
 4970000    323.94307    314.79358    10567.763    9250.4983    14634.499    8994.6683   -40186.495 
 4975000    321.12397     310.7469    10710.003    9220.1422    14786.421    9068.4935   -40175.494 
 4980000    322.85488    312.73737     10592.05    9205.6953    14701.786     8960.883   -40082.723 
 4985000    321.43732    305.07147    10634.321    9242.0396    14690.818    9081.8727   -40122.906 
 4990000    320.63706    311.79428    10562.074    9267.8831    14561.566    9103.7487   -40165.591 
 4995000    315.32234    304.29745    10596.495    9239.8243    14616.362    9128.7471   -40074.643 
 5000000    319.12716    311.83648    10769.749    9284.0727    14581.195    9135.0405   -40095.163 
 5005000    319.75611    311.20897     10915.36    9438.4214    14586.285    9063.1819   -40021.475 
 5010000    322.43333     310.4139    10759.148    9300.1375    14560.483    9088.2926   -40057.077 
 5015000    318.44011    316.15215    10536.523     9142.863     14542.63    9050.2958   -40008.933 
 5020000    320.34094    307.57524    10427.789    9273.3268    14519.854    8984.7621   -40066.236 
 5025000    316.77008    311.99723    10696.953    9331.8479    14683.597    9020.8603   -40114.551 
 5030000    316.88428     308.6172    10392.699    9204.3184    14632.228    9038.0288   -40096.824 
 5035000    318.58479    306.36995     10611.01    9224.3608    14695.497     9002.905   -40051.459 
 5040000    317.78233    309.92116    10747.611    9228.3445    14715.026    9198.7408   -40104.671 
 5045000    322.19174    316.17726    10927.514    9319.7813    14719.613    9063.1506   -40059.775 
 5050000    324.30213    315.91209    10942.084    9335.9906    14643.206    9073.9973   -40035.587 
 5055000    324.74043    310.99121    11032.468    9328.7322    14797.692    9066.0273   -40092.057 
 5060000    323.74514    313.35936    10953.102    9386.3816    14702.037    9101.9622   -40122.517 
 5065000    324.95551    310.48173    10932.075    9313.0244    14684.965     9195.681   -40085.515 
 5070000    321.56126    314.34266    11135.344    9314.8344    14775.016    9079.9656   -39973.553 
 5075000    321.14436    310.54168    11000.779    9310.8348    14716.989    9164.2224   -39899.534 
 5080000    321.69477    312.97398    11025.882    9397.9029    14679.007    9153.2389   -40011.628 
 5085000    320.04015    305.93711    10872.957    9288.6392    14727.328    9163.0155   -40010.861 
 5090000    322.29015    305.00317    10879.064    9448.3252    14685.742    9147.5083   -40161.913 
 5095000     324.3908    309.59266    10697.428    9339.2754    14747.985    9105.7942   -40262.958 
 5100000    318.66894    312.61591    10529.087    9265.3412      14594.6    9165.2117   -40142.457 
 5105000    318.31713    316.48045    10837.549    9303.4222     14643.49    9144.0366   -40082.558 
 5110000    318.44754    313.01589    10942.631    9380.7611    14639.303    9172.9646   -40022.137 
 5115000    321.87085    313.36311    10870.655     9295.127    14694.278      9095.45   -40019.004 
 5120000    320.97125     311.4679    11046.756    9244.9166    14821.065    9171.3311   -39955.081 
 5125000     318.0709    311.39602    11285.939    9430.4967    14799.145    9267.2295   -39961.147 
 5130000    323.27576    314.39842    11205.099     9323.401    14690.201     9248.017   -39999.457 
 5135000     325.1986    318.01629    11314.545     9371.169     14725.74    9101.8467   -39981.155 
 5140000    322.60859    320.10824    11207.953    9217.5377    14827.535    9130.0169    -39947.56 
 5145000    321.58226    319.27628    11324.522    9383.9269    14705.302     9156.214   -39894.268 
 5150000    324.14073    313.74384    11221.111    9321.0091    14733.464    9125.9294   -39805.798 
Loop time of 23132.6 on 56 procs for 3000000 steps with 28800 atoms

Performance: 11.205 ns/day, 2.142 hours/ns, 129.687 timesteps/s
98.5% CPU use with 56 MPI tasks x no OpenMP threads

MPI task timing breakdown:
Section |  min time  |  avg time  |  max time  |%varavg| %total
---------------------------------------------------------------
Pair    | 4581.6     | 10930      | 14841      |2064.8 | 47.25
Bond    | 396.3      | 466.35     | 503.87     | 115.5 |  2.02
Neigh   | 13.737     | 17.22      | 23.82      |  59.7 |  0.07
Comm    | 1205.2     | 1449.8     | 1933.9     | 388.5 |  6.27
Output  | 3.1149     | 3.1218     | 3.421      |   2.3 |  0.01
Modify  | 6134.4     | 9925.2     | 15884      |2100.7 | 42.91
Other   |            | 340.9      |            |       |  1.47

Nlocal:    514.286 ave 556 max 441 min
Histogram: 1 1 7 5 2 1 6 18 10 5
Nghost:    4063.96 ave 4612 max 2950 min
Histogram: 16 0 0 0 0 0 0 1 14 25
Neighs:    0 ave 0 max 0 min
Histogram: 56 0 0 0 0 0 0 0 0 0

Total # of neighbors = 0
Ave neighs/atom = 0
Ave special neighs/atom = 5.88
Neighbor list builds = 43377
Dangerous builds = 0

#-----------------------创建data/restart文件
write_restart		restart.50
write_data		data.50

Please see the log.cite file for references relevant to this simulation

Total wall time: 6:26:12
